7691
4152
500
938
1188
3873
299
7276
8297
7350
6136
6578
4597
1463
232
2148
147
4897
8339
7645
9283
35
516
3562
155
400
8289
3397
5614
3645
4092
4237
9985
9110
3779
2118
659
7340
2981
5042
3145
4147
9362
4120
7166
961
9326
827
8257
7834
9571
1303
4400
4628
9079
3093
6235
929
1535
1166
1197
7047
3771
1960
3406
5347
1081
9440
1974
9045
890
2578
5798
1764
3811
3345
8688
4397
1824
2472
7271
1178
4356
5867
6458
794
6459
3624
6822
7552
5721
3245
4141
6016
2682
1594
3352
3865
1722
5718
917
9633
720
2356
6266
8901
4612
6570
2546
3562
6216
5655
2278
8294
7022
7130
4028
9736
5857
3675
5299
513
8835
6574
2050
1241
9961
5183
2156
2202
9457
9878
5499
9118
3144
9596
1213
1669
7754
7773
5986
3536
2601
7181
4999
9471
9844
6424
692
6201
1064
7305
9499
610
9138
3432
6420
8954
3787
3329
2155
3374
6389
1125
6566
2063
9009
3290
6016
3847
1155
6115
4177
6894
7941
7520
8244
3505
6974
3130
4573
1619
6770
7275
8222
7476
627
8126
6058
1916
7596
7406
8631
7216
7687
9137
92
428
4454
7567
4015
3855
2120
3697
3515
5789
2651
7388
703
7782
2789
352
2588
1056
1486
2949
5549
1273
8033
283
5299
8312
9941
8665
4903
4523
4035
9396
5462
2169
6175
8501
1102
2303
7421
5106
9153
8149
8613
6429
2862
4662
9223
8846
1372
6670
1500
3971
5174
4698
9815
2291
974
8110
322
749
619
8857
2748
4105
6383
2782
7968
5746
1442
831
2301
3840
9912
3159
2365
7122
3396
4980
4354
364
234
6858
1934
2423
7676
3838
9470
8815
8092
7042
7090
2704
9049
6330
539
855
4861
799
1648
2540
9864
7280
8057
7225
5106
1569
8703
7306
2443
4446
1042
7122
325
3323
523
3825
5483
4170
6390
6912
823
139
6668
4526
6555
8046
2816
9561
5178
7829
5026
4274
1834
4887
7315
1493
1607
3257
676
8717
1029
291
7642
1674
8267
5592
3017
7201
2653
7358
2749
386
699
9294
7288
4181
8259
2736
7516
7774
3810
5776
9206
7212
7732
9413
8871
6261
105
6559
4371
1510
4503
9000
4368
8343
6608
3379
4457
8162
9630
805
8788
6306
8805
5606
5556
1536
2076
7167
958
3273
5653
411
5829
1781
7063
3347
3564
8056
2696
2434
9731
4794
7371
6274
6593
9755
4247
7616
2805
7120
9345
1082
5041
162
3470
8801
7632
3936
8193
2398
7662
1522
4312
4475
8842
6277
6212
4621
2661
1790
7000
2472
3828
2142
239
1343
7268
9298
6563
7011
6479
6955
317
4972
4689
4060
8123
1504
3862
933
2346
8895
6977
2788
8782
6202
3959
5923
9383
5330
9136
9858
6884
5330
822
9188
8721
2113
54
3577
4328
8134
6026
1807
4448
9412
341
8398
4373
645
8460
5193
3389
2736
9712
5845
4547
5413
7411
5827
4131
2176
4160
1609
7525
9556
2229
5731
1519
468
6012
2999
3627
9539
9791
2751
6062
2988
5926
1209
7681
7504
1725
1478
9093
1930
1499
8960
6398
5636
7112
6943
1796
1303
2566
1059
9711
5504
2929
3183
4670
401
9963
8076
8935
8306
2199
9197
7011
7993
7313
4132
1050
4870
7320
3935
4572
4957
770
7422
4207
2204
9022
6470
7007
4334
1061
7520
458
4453
4741
5155
9900
6010
9429
7492
7495
6976
6986
1802
1620
2993
578
5652
8857
8543
2942
4322
1594
476
3166
4343
9145
8322
8921
1647
2906
9880
7183
5793
1621
8487
9853
2254
2818
4006
1882
2775
6343
4740
8091
9694
3064
6386
9878
5392
4285
6536
3033
7696
5042
4627
945
4863
3548
1912
6451
2007
1522
3520
5338
869
238
7038
2513
1213
3752
3008
3130
6082
1330
5764
4638
4969
704
1539
5210
7390
6186
770
1957
6345
4240
9531
5662
5217
6690
2284
6473
7738
4291
5175
2681
9299
3701
6895
7216
670
9775
6994
2627
6187
7654
3320
3228
715
9689
7340
3452
7210
6887
3822
6618
5441
4752
2837
9559
6814
6606
8951
3571
7178
7222
3258
9883
3756
1653
3696
4060
7221
7536
6180
6644
6083
4106
3631
2703
7652
4387
8719
6670
5989
3336
5919
3417
4240
2134
6999
7306
6798
2175
1476
6451
2591
5414
1170
4098
9531
5130
1637
7220
2011
2610
5359
2119
4073
6726
8915
6453
4453
6845
3051
7092
4236
3802
6388
9684
2414
6352
6230
9705
8263
7672
1047
2713
3567
8395
3650
5069
4983
5871
8380
9482
6205
799
7803
8971
3313
6907
7944
1532
6736
6722
7998
795
5727
6160
9899
3951
6669
327
1480
3788
5013
9774
7281
9248
5163
5886
1821
8939
6992
7115
4013
1264
3140
7909
7039
4541
9192
6034
8262
1243
8765
7289
6929
5138
1856
398
1577
4140
452
7297
6636
9302
6548
6525
3859
5343
4353
6583
2067
1939
9546
2612
6012
7232
268
4954
6823
4146
857
5805
207
8722
25
575
8956
85
2358
3343
7706
4976
4890
1287
4617
9986
9812
3684
4239
5537
1169
7385
3701
143
6986
1449
5070
8905
20
2140
8431
4812
4729
3963
8536
5588
7017
5212
5959
412
4984
1766
1274
8306
6079
1573
5322
3874
5245
6563
6217
4098
9351
2273
8747
6794
823
4853
6193
3505
9016
4999
8001
848
8186
3325
3696
1294
7912
3991
6442
2994
3566
160
1272
8596
8842
6548
2138
5910
277
4771
6789
4408
4742
3095
1318
5419
4610
8498
354
6092
237
8139
1595
6551
5822
7973
6984
9718
3043
8163
7137
8102
3036
7792
7919
5187
5570
2341
9721
1238
8473
6103
2705
4088
9195
7720
9753
9233
5571
1769
7928
6265
3138
5283
1240
8896
9789
280
1290
2856
6043
4928
4232
2867
3206
9407
1501
4566
3867
2588
1128
1916
874
167
5282
1585
5614
9953
470
1926
7049
4578
709
6767
1553
1012
325
2425
7115
4265
4853
3866
1264
951
2187
6899
6113
8338
2733
9488
6293
7705
8033
1446
2411
2
8094
5867
4894
8092
8818
919
8149
171
8080
8000
2653
5793
683
3354
8621
6554
1285
6031
2717
1565
7916
2322
5251
8138
9605
2429
2697
9389
2713
3607
5743
2071
6953
6878
4442
3754
3203
1688
3599
9304
980
1292
7414
5284
3797
8967
6041
3650
5152
5606
8937
6914
808
1570
7363
9179
6201
527
3
4361
7838
7682
4003
2975
5139
3112
701
1561
9929
5282
3674
7437
7318
7439
5847
2705
9297
8396
9116
5086
1276
207
6765
3111
8770
3540
6491
7352
674
2732
2227
6272
8851
560
6325
9791
3640
5603
4948
9427
6327
7066
7661
5819
4004
5005
8699
7931
7154
5217
5801
5492
5972
6076
7388
3278
7109
3108
7215
6216
8753
8847
4264
8591
8830
9765
2786
2606
5493
8881
8420
5385
5027
4198
9112
3163
4149
8263
3060
6111
5816
8457
3847
666
5830
4543
2803
5505
9126
2393
5196
3177
1701
690
8119
9864
7876
5999
7069
7467
409
8020
9377
9517
5672
1191
907
5848
6814
1145
3478
4950
2068
8046
777
1879
7236
8251
9973
7999
5014
7027
807
7710
3039
9901
6498
6201
2285
921
1090
3369
3516
1371
7976
1785
2990
3071
8309
2137
9201
4953
7691
8006
5303
2804
5817
7599
3654
2504
7091
3467
6729
5976
3939
5123
4255
4742
5341
2897
4824
7802
6859
6433
2629
3326
6431
2134
7702
283
8584
7547
2847
6012
6649
5191
9733
4502
60
83
8894
5163
4986
5897
1272
1923
3741
6691
926
6880
6262
5531
8248
2926
3070
963
694
6775
2995
2661
7492
3079
2309
4680
6723
4717
9297
8920
1551
7652
127
9092
2930
8192
5850
868
9175
1040
1365
3606
9210
9449
8042
8750
2576
8368
5465
4425
9844
5676
7886
5515
4124
6266
2268
42
7228
8913
4215
6854
2472
4548
7745
9265
4005
7730
1398
4496
8469
5914
1644
2616
6374
8167
5500
418
5767
3450
6070
3091
6332
6877
7896
5865
3977
2917
39
5657
6646
7984
1600
3679
5087
3764
558
1769
3506
930
6245
279
7698
1044
5411
2161
6389
9611
5399
189
1692
152
7007
7012
4504
9294
6194
2131
2397
6631
4929
2229
2023
8513
6844
9631
84
5704
1431
8609
7092
4564
650
8530
6156
5688
4646
9613
8700
6675
474
5055
7458
8072
9872
5550
6228
8650
697
6195
6789
4007
1906
1963
6735
951
2774
879
2717
7573
3504
4773
5249
6343
1386
6973
2836
8378
165
2209
9035
3324
3755
2473
1987
402
7301
4441
5315
1624
5732
9159
7613
9932
6529
1132
9560
7364
43
8280
4209
6701
4850
176
5027
6362
8282
6984
236
682
1213
5946
1938
5908
6518
8187
3229
296
9192
8056
5786
1730
8083
5253
2334
7674
5589
8662
5599
5962
8718
2163
6445
9560
5493
6819
4124
2118
8319
6776
6092
6433
2964
4885
7833
8666
8463
9828
5305
4864
5600
7081
1839
5301
4740
4729
6983
3778
7266
7646
410
3878
2357
7525
9242
1149
8154
7686
8974
3875
8874
369
2518
2200
7298
3671
4966
7146
6586
2761
5442
504
1142
2070
5743
478
6696
357
2150
4215
511
3482
3851
4418
2647
4801
3234
6279
3541
2206
6411
4421
8675
1160
6628
1092
7053
2773
8018
6249
6353
4239
8448
6075
6780
7742
7316
7587
8616
410
7794
1324
145
4693
4878
15
6450
4874
2978
8050
9311
7792
1367
5941
9163
2177
6661
4229
8856
9834
4489
2164
9111
9427
5357
6416
4114
6
9633
4517
4986
9461
3859
7870
4446
2665
7852
1115
6651
2960
4034
160
4963
8589
2866
7096
738
4189
6266
8524
2093
8083
6067
1267
815
8867
5198
2071
3933
893
4684
3502
986
9660
88
437
692
5563
9895
3837
9679
7295
8342
3844
472
6927
5104
8288
9259
6167
6827
8153
197
7019
5881
7890
8151
8651
3029
9178
8647
4342
5542
1510
6573
1286
5620
1283
4300
9844
6421
8258
3816
529
4982
5696
7704
863
5280
3135
7056
713
165
8689
9065
29
3867
5067
1562
3620
4699
2168
2158
8318
9536
215
248
1870
550
6256
8511
1938
4549
2924
7613
4083
976
4500
4923
9592
8656
6472
8734
1597
2521
9589
1527
9116
6999
9634
9251
9657
6580
6677
8006
5863
2393
7947
1155
2834
8269
697
7733
5553
6188
7007
7637
4993
7448
7298
364
2976
8293
2129
3671
8034
8693
2955
5520
3137
3299
2701
232
4415
7530
8561
8297
6765
2497
2521
9954
4551
3196
7858
821
5231
9438
1859
5167
8805
7811
6469
681
2460
4394
6258
1162
3584
686
7279
3461
8006
713
8967
8583
3822
9090
332
1200
9969
9362
9768
4905
2593
675
3785
3822
8255
1779
3153
7969
6791
2521
8897
2836
8693
9427
5406
8020
5592
5112
8871
2968
9205
1103
1088
1053
8831
4541
1928
5872
9631
9204
5387
1231
7568
4270
7842
4354
4040
5255
5786
1541
7451
6852
4889
3831
5547
9003
7826
3486
2747
8756
4264
9231
3276
2019
7656
4724
4068
4354
9036
4277
7083
2434
6057
8079
5252
7257
3928
765
5863
1582
7424
726
6936
2302
1438
124
349
1304
504
2326
6230
356
5788
1869
6081
3113
985
6095
1254
919
2483
3614
4007
3396
1331
7384
1301
1773
7081
619
488
6171
8557
539
3975
6608
9079
3792
6541
9423
5658
486
4096
7497
4940
5801
8752
7630
5766
1336
1702
8321
6344
8798
8196
9254
7708
1664
1652
196
4859
8418
6669
9462
351
9030
6879
5605
3650
3333
1309
750
2817
9415
4332
8500
7311
4456
4975
7610
2173
8465
2262
4474
1037
4304
9840
6937
1786
2186
8314
6573
6526
9092
3094
4348
7119
9558
1904
7832
2688
7596
9586
2199
2971
5464
7554
9730
9478
6557
3358
4935
240
7567
2558
1572
5449
4527
5408
4818
3938
7380
505
1015
566
5291
2073
7195
3327
5135
70
4242
8683
8371
469
7340
5513
3907
5427
7205
2049
7201
5610
3418
9530
282
9046
3741
1278
4873
8488
3596
3060
4881
7610
3100
8523
8382
2982
6563
8924
3345
3911
4527
9040
1398
1970
9019
818
3260
692
6649
327
7291
4150
948
9795
9383
7106
8440
4877
2184
6774
6844
5334
5014
3614
5729
1732
2632
8535
8839
9714
9939
4909
9079
5562
2614
6043
6286
8964
6987
935
5171
7801
3568
4293
6543
3071
1901
4670
344
7349
7111
9205
485
634
1034
802
2645
2669
8860
6218
2071
2422
9363
157
4529
441
2211
6289
7880
56
2695
8763
3820
4838
1053
638
5821
725
4770
361
6634
7904
578
7689
7083
4330
1776
6784
9653
3463
3045
4393
7233
6385
1067
4358
4374
9971
7428
5856
7980
9075
9112
894
5564
1661
4889
3089
2481
7355
8000
8038
4136
9632
4794
3380
7250
4274
94
3973
2840
7092
4296
3622
3869
1581
3429
2341
7010
3672
2697
2468
5120
6855
3092
8186
8727
6991
9223
1651
1544
6072
5379
9981
5522
9155
8874
4062
6821
1011
2072
4500
9396
8039
1101
1278
8345
9129
2621
6691
4034
2343
8326
3888
7044
1580
3529
7621
9674
387
3412
144
5967
5701
3957
5645
7226
7272
1819
2460
6749
4201
2940
9336
3133
5919
838
2745
8153
6697
7583
3173
203
1660
9900
698
2399
1602
3117
7191
8279
5738
9841
4925
7346
6285
6205
653
3106
4396
7992
115
3819
4150
1488
5359
747
4782
5761
8283
7083
2604
9815
5995
3853
9000
6701
9068
802
9472
1533
4906
1627
9941
3913
3116
7061
9487
1501
5396
4926
9056
41
4715
1979
7080
6248
3473
1867
2662
1339
1321
1091
1030
4213
4669
7022
6319
307
953
6528
9822
1963
9652
1785
8018
5871
7790
769
1963
5582
9955
9127
709
7450
4149
422
6737
5730
5812
1382
3339
6140
3517
1274
6128
4873
2146
6621
3410
8981
7573
3263
273
2040
1970
8502
3135
2325
8332
5330
3561
8075
4241
5003
2374
8268
3590
8973
1793
243
5019
8660
5889
5949
4259
6729
5645
3238
3584
8227
9339
3435
4422
5860
4442
9286
7774
9511
6893
4058
7037
7470
6087
7864
4431
9186
1709
6635
6501
1370
6648
3871
4687
8148
639
4324
1585
4581
3126
7457
123
2304
7407
6583
1037
3141
6655
7536
7870
3288
618
9608
582
667
4698
4470
6216
8889
2143
9443
4612
606
1179
9527
1809
8474
4783
2336
7284
2475
5995
4938
7840
200
1012
4001
8863
959
7817
101
1592
1920
7829
1420
71
6668
4784
4848
1612
4020
6933
8109
9452
8404
2737
3469
3403
2839
2918
3896
7544
9973
7731
6420
9284
5255
2581
271
9417
5559
9085
7346
4215
5437
6557
5010
3067
2921
2631
5126
2190
9986
5626
8117
5883
3544
1091
1252
4188
9451
1333
3199
537
5893
8338
1809
8409
7145
2469
3917
5456
5593
2347
3515
5563
4088
2173
2977
1472
1351
3537
8023
9587
5552
111
5756
4714
3090
7213
5876
1111
6126
8090
8826
9243
4197
4732
5286
981
5677
4245
2350
9046
3279
4183
1926
3806
3156
7256
4174
8863
3656
4577
9542
9439
7540
9828
756
8354
5939
9209
9828
6077
4274
1721
4553
9956
7514
7821
1425
6522
6816
9347
1144
9558
135
1773
765
495
5528
8260
2583
9359
1812
2778
7303
5317
3713
5909
1903
2499
1077
1321
1218
124
442
8042
8047
5493
9890
7143
4737
3685
4631
7741
2510
7992
423
7360
8244
2208
4720
5253
4922
6047
1502
8438
306
1377
8560
4126
9079
6901
411
2450
977
2446
3348
1935
6161
9840
8771
4722
8
3215
6171
5875
8971
6818
5683
2475
7727
5415
7820
4635
5633
5920
5989
1507
6184
6861
6035
2512
9256
6801
8613
3241
8365
3336
3388
6662
1174
538
6075
4628
564
3842
3669
1974
9665
5765
192
1068
4091
6974
3190
4548
4373
2670
2268
1851
1259
9193
5182
6743
322
7946
2763
5874
8541
3741
2704
303
4598
5476
3570
403
2795
5526
6121
1166
5144
9075
4181
1966
6416
6709
5172
5602
5684
4661
185
8051
7103
5370
8651
8344
5971
4104
5128
1452
8625
7070
2130
4945
1513
1212
2371
5598
3124
8600
7698
6324
1923
9243
9765
4456
2470
122
3600
1681
3640
547
4946
4271
8226
7353
2571
9183
3708
5609
659
4033
2993
1596
7879
5820
2831
3974
4897
7426
9706
9699
804
1457
4797
1739
2350
3358
7286
7969
5354
1255
5021
3181
9197
6130
7519
2027
3842
961
1548
4147
250
3275
4807
6230
225
7975
7782
5940
2816
7423
2049
8801
9646
7497
7302
3106
7894
1547
3469
5016
4632
1340
8332
9595
2964
8735
8587
9137
4741
4728
72
2879
4455
9369
4648
2505
4606
5838
6881
9680
3550
3784
6275
2904
8721
9548
6891
2225
6669
1123
7551
4038
798
8632
5401
4245
186
9272
1601
2421
607
7757
5844
5503
1777
5682
734
3215
4581
4387
3283
1510
6992
9969
4609
2819
5012
7567
2839
7800
5157
9963
4881
2964
5937
571
1131
9258
6929
5255
4972
5298
7965
9517
6366
3867
8680
6728
6368
4010
3251
4553
1595
3539
5956
3695
2539
2603
7000
3758
2448
5358
1768
1408
6117
2023
4458
5668
6517
9186
1997
6848
2110
5846
4580
2334
1950
8092
4606
3489
3989
1316
459
3493
3750
2502
7857
1613
6610
3342
520
2084
3243
9768
4831
4526
5484
368
7340
9720
9669
7374
6656
4864
6442
2166
8654
6045
854
3654
859
665
7098
2249
6260
8459
7671
8045
7687
3190
7636
3088
8222
4670
238
269
74
2893
3624
4811
3547
1187
6232
4242
6882
8646
6405
5492
7197
8133
8564
41
9803
7226
2169
8038
4545
630
5720
4827
5727
5569
7642
4040
5445
116
5339
9774
3368
4136
8292
1258
633
6479
2162
2695
4680
8447
7386
2429
9259
5480
2476
3046
5062
6152
4203
1207
7537
3485
4354
3484
1201
4058
5533
8599
1683
3322
851
4389
2424
2537
8491
3468
5051
1663
1387
884
2756
1487
2427
5821
8892
2264
4306
2684
552
6446
2869
9589
1032
8469
9532
9189
3315
6498
3909
4760
6599
2683
2919
6296
1430
2093
1722
2423
5002
5718
8119
1598
6388
1132
8966
169
3342
2556
8722
8227
8297
8387
9971
6039
4996
7545
8240
144
2098
1067
6561
8316
4654
9486
7236
9039
6040
5936
880
9775
8914
2565
3588
3426
6267
2893
2904
461
380
9413
3103
2331
9963
4905
1614
410
7802
2798
3063
4081
1230
5668
4169
8428
6481
8942
9535
9122
3273
7150
1930
7620
8812
9693
2495
3912
5916
5235
9549
9834
9253
3331
6671
5220
6000
3670
8321
111
4844
530
2068
726
3090
3783
6189
9541
8475
7096
9810
1072
7051
5276
780
2859
3594
5257
1340
3769
5292
9842
7783
9533
8920
7668
8367
7629
7935
3916
6101
933
4311
5300
3550
5089
3617
9119
1538
3850
8517
9937
7093
7855
7992
706
9614
3625
2987
2294
2219
5231
3298
1327
3029
9462
1451
6891
4489
2673
7001
8385
4645
5295
1042
1223
5625
7013
5028
1556
7827
3627
5478
4726
8415
1179
6565
5114
7692
6479
1340
5595
8401
4965
8764
9329
6080
2348
1674
138
5213
610
7573
8428
8435
5471
8231
891
4418
6753
9744
4282
2738
5863
3393
3342
1293
7372
2306
7962
9492
4878
1068
606
4465
1957
5846
4220
7081
8618
5506
2734
4957
5052
5118
5805
2796
4342
6540
9315
4205
3882
4920
1401
2495
6728
1001
6205
3121
7253
4579
4014
1621
3835
549
752
3227
8089
1546
7360
4031
297
6024
3509
9395
6541
6993
4253
1148
1001
9263
4189
4228
5452
8735
908
1011
4887
7379
6554
4590
2439
9905
141
436
1012
1215
1308
7560
2448
9727
4227
2195
3255
805
8894
8027
2367
7112
4492
5427
5309
7032
3346
4600
1768
778
5993
82
5519
4925
5897
1516
4212
8035
110
1936
6700
8060
5842
254
32
78
9896
701
3153
7414
8552
9944
354
2609
9874
9196
3569
9246
1684
6227
668
9197
5268
2238
755
6723
5491
1864
6137
1714
3179
1559
8147
503
2061
4237
9517
1603
7182
2383
4587
1317
3236
5347
896
6217
8457
4434
2110
27
2836
2264
490
4826
3050
5627
7383
6063
7570
6668
9511
2932
1219
9877
4945
6891
2371
7747
2712
4303
1789
2538
6292
2532
1865
6823
5751
9961
8417
4015
3568
5535
9359
31
1832
1862
6723
3323
2516
9414
6803
7200
7343
8108
761
7303
1014
4596
251
9100
7833
228
1577
1589
9197
7551
8926
9002
8435
1992
9660
2450
7890
6294
8515
7324
7460
5723
7916
2343
7641
7627
9377
8477
4026
5573
312
1764
5330
1396
390
4348
4634
7023
1554
6912
254
7115
9499
7741
8661
9293
7855
6671
1991
1058
9461
9850
1759
820
1917
7146
9984
9617
4509
6431
8905
7478
2160
6580
2856
4624
938
3280
9946
246
6020
6479
8602
4301
1867
6290
8932
5501
6415
1772
4222
844
9444
7214
4837
5304
3384
2651
1286
8795
6880
1148
3613
2733
5686
5938
1676
4161
5896
4590
6766
7676
5
234
7110
3501
6007
7135
1206
4522
5653
7568
9452
7328
1683
262
8063
9202
8781
5923
6577
8828
3875
8224
1181
8755
9933
6314
5486
8283
4783
7809
6809
1312
9916
2206
9018
3685
6788
7213
5912
4932
3817
5288
2921
1852
1729
3179
5725
7466
388
1982
1742
6174
7217
5939
3997
3361
8536
2045
2699
3053
8098
2613
5587
2376
6285
6565
8288
5291
525
6794
5702
2699
8378
9612
2736
1391
1537
8557
7590
684
252
7533
163
6822
8696
3563
5640
5517
3405
2628
1227
1268
1668
3376
223
1086
4558
5153
7016
9628
5730
7334
300
9431
2581
5592
5752
4359
1099
2561
8583
9198
6614
36
4846
3081
7141
5644
9731
3787
5831
2422
754
484
9715
9600
3290
3171
6751
6853
6387
5972
4042
8037
9973
2987
4408
4272
3488
7164
631
1100
1617
9564
5570
793
4003
9500
9404
4729
1510
2666
74
4447
6068
8851
3930
4999
1380
3823
4907
5968
6589
2147
3444
4116
4273
5179
8203
9270
2763
2277
607
8799
4026
2103
7476
1838
8686
3953
3893
7060
4208
454
3946
3856
4854
6204
4502
3091
2691
1590
9146
7673
1178
8514
4969
8346
3881
8487
3119
7704
9268
8047
5388
3552
7316
3634
9402
9374
6204
3946
8204
3556
5757
5659
2766
3730
8019
8786
8902
5511
7187
1319
7171
2884
491
9442
2960
5842
1642
8105
8168
1550
9162
2760
6553
7538
9149
5073
3192
4457
1309
4097
6141
8196
9874
472
1046
9767
5047
3176
8303
8754
3074
5691
684
3689
6347
9873
8517
5505
9971
7225
9640
9903
6157
2069
612
9817
4408
6329
8389
8095
1696
2131
2148
7215
4702
9549
1278
5938
7854
8050
9985
8960
3299
3313
721
4397
2195
6627
1577
8335
2508
1471
2182
7684
3286
4610
5567
2974
8354
6103
542
1808
2316
5202
544
3087
8378
419
5723
9794
5057
6090
7188
1136
5176
4877
2773
8787
9363
3477
5930
788
1592
3234
8131
6948
7589
2299
7257
6714
3467
4862
6172
1112
887
4968
6427
190
5071
9144
2105
814
3234
1249
3365
8507
5478
2713
3356
9275
2367
3436
9464
2951
473
775
6136
8671
4014
7573
3691
5637
4816
8669
1519
671
803
8240
415
9005
1130
3788
8032
9904
8820
9676
7096
5818
4171
9839
6758
3287
5666
2619
7134
555
167
9110
2020
9127
2070
6350
7550
9584
5691
4240
2900
5450
8727
6722
5135
4949
678
4293
2172
4351
8283
8446
4467
4828
5263
2548
6426
8116
7034
3402
9546
9594
1589
7909
4742
8072
4597
353
8795
4653
2085
7924
35
289
6985
1505
9889
6643
5455
4979
9434
1511
5988
8399
9584
5926
444
736
7456
1932
741
4740
6715
6507
1106
6506
3514
6971
835
5372
156
6289
8529
3929
2597
7993
5357
2627
9540
7851
8038
5803
3149
5755
2368
5723
7592
2031
4991
6614
3453
7299
5466
5532
9812
5620
7881
3543
414
2065
708
9479
1220
5880
1396
6812
8830
7076
7317
3960
9643
782
6671
4393
8907
5886
9783
8168
9982
6304
4614
2445
758
2182
2622
7156
9123
6697
8396
7940
2433
7104
7531
8696
1742
8557
9845
3045
8801
846
1490
6122
2686
2709
5649
8990
3892
9420
9951
5629
3191
4570
5501
488
7662
3074
9196
900
8139
7382
3309
2021
406
9700
1278
3780
7759
4720
4219
5612
4197
9984
2258
3259
7882
7075
9481
1051
4724
2748
6675
4007
3665
7249
5527
7868
9254
7886
9679
8445
5195
2436
694
1578
2879
7453
6917
4736
2320
729
1586
4138
4923
5539
5236
159
2716
8760
7852
5882
8139
619
6330
4567
9750
7044
2224
8585
2580
9224
6242
4843
6214
92
3897
9033
2282
7152
8299
4988
3542
7252
4054
9198
5555
3377
3719
6234
7939
7010
8900
1100
7990
2561
8858
8516
4329
6825
1095
2832
7206
318
995
8476
5833
3073
1017
491
1426
545
836
4702
4221
4026
857
132
5990
5702
7127
661
821
1514
8551
1874
189
3734
849
5937
3857
2411
2755
4523
9464
3604
4419
4796
6253
108
4223
744
8176
4380
6568
8335
4350
3630
4833
5778
2309
7389
9382
6406
9953
7951
3474
5034
2060
9088
9108
8491
9762
8043
3071
9486
9149
7727
6289
6584
5620
3153
3778
3161
1046
8084
5113
5902
6330
8761
7276
8221
7921
5591
7350
622
222
2061
6706
2840
8988
1524
2042
6031
5522
3305
919
8946
4902
8558
5158
4821
6052
359
2720
4130
8942
402
1690
3291
8138
2655
4759
1445
7625
923
3836
3894
5220
7057
4661
2633
5536
9761
2501
8840
6656
645
9408
3869
6590
4832
5547
7504
6505
194
355
43
7978
4368
5374
4880
5851
7067
9718
8207
1690
2411
9899
8954
2335
4679
2231
9343
1597
6072
3524
8814
8958
1205
1258
8573
1857
422
6550
2338
5566
4364
1355
6340
5190
2377
9739
5504
3013
9824
4318
2447
4609
6601
3631
1845
818
2727
6981
76
5034
6959
1187
8283
1772
4672
4881
7001
7586
3549
1795
6782
6527
1367
4922
5286
5482
2038
4231
8011
968
6751
3601
2666
6671
3555
1209
2362
8128
33
6177
2493
6614
748
4982
1885
2845
5850
6396
6769
2563
4188
9808
1596
8401
8227
8040
8287
283
6054
4955
6671
7379
7426
4277
3894
2103
793
4572
6007
6020
3924
4385
9279
9736
4497
5951
5349
5279
6871
8799
3074
230
2463
70
6015
3686
4007
9254
9603
8647
5793
8212
7572
2649
4996
4663
3949
2333
5462
4316
684
3594
2032
571
4427
849
5885
4906
9097
3918
3639
3026
609
8534
379
1728
4241
1080
9106
3539
3005
955
483
1824
7450
1182
2740
4719
9325
9376
6787
426
8696
9815
8466
4135
4352
8413
3993
5941
1879
4451
5559
4830
6249
8240
6751
1674
8716
1424
4034
6019
4458
1066
4470
1518
2920
9787
9360
3840
6723
2819
290
4852
8650
8339
6738
9216
2927
6968
9279
1343
9558
3579
7346
8236
5828
521
5841
6885
1465
4229
9287
3138
9373
140
2391
199
8159
6833
7574
447
6126
5503
7438
3849
5014
3300
5472
2095
8858
2324
1279
3946
4119
1171
6827
6916
457
9940
8565
6847
2698
6774
7707
4904
4842
3645
9099
7709
6438
2928
8874
4987
9308
4515
9528
8473
3623
847
7146
7193
600
6101
9772
9552
8968
762
5100
5115
4972
9560
4671
4932
200
3691
9024
2438
3401
1024
8290
5726
9627
6841
8499
4314
1685
8309
8184
4536
2312
9928
8479
7491
8285
9210
867
3475
3132
6253
4076
6154
6616
1715
3595
7737
4837
8751
2150
8014
2903
4814
7230
2454
9945
8736
210
9853
4601
9520
2299
6795
3118
169
4915
6828
6006
4945
3170
6661
3765
2156
8795
4630
6343
5127
4123
9402
50
3584
8952
2079
9445
5379
8586
9193
5730
4895
5596
5711
8447
3088
426
9972
3942
5583
6014
8450
2718
6544
9464
982
6243
1629
3173
6684
3770
9871
5259
9327
2030
3826
3512
5128
6502
5694
1568
4334
5666
9220
5336
4555
1065
8031
4481
1861
4480
7044
8274
4095
3695
2680
601
6730
4619
6548
8046
1334
9098
4245
6221
4074
1458
942
3773
705
5360
4890
4070
2124
7349
421
1272
8741
1557
2967
9150
3940
1250
4282
9460
1570
9543
1826
7702
3897
4966
6438
2973
9408
4397
7244
1754
4148
1199
1976
9713
9960
6662
5906
2561
9113
8126
7467
1842
8630
9943
3386
1092
7580
3971
366
4704
442
388
6251
3948
870
1906
4680
9236
686
5665
4518
5050
6520
2358
4403
108
5967
3504
7955
3001
4167
9632
1708
7950
1771
515
9075
6442
8456
5897
6647
445
7
2691
3662
7350
2656
9478
1928
7672
7145
2329
6427
5940
6005
9689
9055
4781
2746
273
8564
3784
90
6068
9012
8212
5235
9167
8996
9634
5815
4071
2614
2855
4023
305
8102
5094
9003
2855
5358
3401
1630
8655
1099
9920
4106
7088
3035
6229
604
9145
6703
6250
5032
9893
4848
377
5624
7213
113
4621
1896
2005
389
8622
3911
4438
8474
8576
8243
8697
191
8765
8127
3278
3103
2670
6114
8322
2654
855
6890
1330
6257
4256
9336
1465
6914
3857
4014
3424
9374
8053
1565
2824
1901
4337
8947
328
1624
2027
2196
5008
9740
4168
9918
1405
9003
4036
4986
9016
3263
3550
6454
5987
4667
8374
3243
3277
7256
7655
1942
6252
2753
2008
5693
3223
9708
5873
3037
9759
5163
6188
8443
847
5148
4344
4177
3265
9869
7297
8000
7962
6720
6900
1521
8398
7618
3277
6462
1279
6578
9112
2908
2619
4834
1276
4030
1908
5238
4430
3904
8928
8994
3968
9675
9370
8594
4434
1922
6931
9885
6689
7505
4590
2851
1792
6052
7290
7527
2779
4984
5263
1621
6200
7628
6938
4280
2900
9523
8883
7862
2934
630
2284
3815
6706
346
10
1400
6633
4801
5264
2898
5305
4529
3241
2860
2610
8243
8089
8386
2062
7752
5953
6837
1809
312
6440
5565
1666
2774
3955
8901
5914
5010
1041
3805
9204
5384
5772
3109
148
6308
6063
2495
8980
1091
2209
8760
7366
75
7811
2262
2605
4756
6091
8951
1939
9905
6355
2789
2827
8866
2068
9653
7388
4756
872
9016
6848
5233
1841
6370
7381
7945
7519
8087
9789
2966
4219
6248
3568
1539
5632
8180
8450
3950
1888
3735
1589
2644
8763
1914
7539
2850
5074
4704
3352
8925
5271
489
5309
5384
6236
8330
1631
212
8224
170
3045
7431
3609
4611
1324
8015
3022
1938
1289
238
5384
9396
571
1265
3233
9544
9129
5546
4939
6782
2906
9486
5480
4221
5425
7976
80
5911
46
7449
520
6044
3691
7519
9893
9320
1993
7910
8452
2309
3688
9652
9209
2266
7805
1612
8384
833
9196
995
4742
7071
7180
7243
3181
5237
6961
1843
9139
3447
2990
4202
1406
1458
4620
5415
2533
8448
3084
7080
234
7048
558
6834
8477
3858
1551
8200
2239
3041
900
4256
9957
3345
949
6373
7519
8382
3204
1533
6812
2057
9465
9815
9389
2157
7616
5270
6988
1752
5044
8598
1312
860
8424
4714
1849
1278
6882
9309
60
6853
1137
3285
9481
8031
5902
3324
3351
7664
6247
6981
1145
7916
1467
4137
5175
5229
4038
5322
4194
3817
3553
478
695
9793
9332
2532
7422
308
9479
7631
9625
1280
3021
8873
210
787
9553
7973
931
9534
4048
7384
5354
9019
4378
6123
2898
1862
3797
6783
3431
4404
8630
8656
8235
7710
373
6790
1819
5473
3056
2802
6922
1685
6478
5272
710
4738
6429
9180
221
7231
8172
5598
8705
1489
6345
7162
1914
5098
572
6027
1535
5813
9961
8210
7730
2560
944
5459
5442
1902
3912
5890
3666
1531
3053
2884
5528
9802
8366
8486
2161
9874
6571
7650
7481
2108
8713
5365
3079
3117
7089
7899
457
3047
4404
4977
1040
6744
7933
5203
2751
4018
3935
7813
220
926
9880
4464
8572
4795
5612
7248
1138
7020
8785
6179
8498
4911
2069
7707
6377
7605
371
5022
8252
6375
7272
1186
5551
5065
6842
2353
7427
5002
6666
3741
9695
8764
199
7182
5657
8839
7223
5708
4187
5920
1669
7136
4318
2071
42
8181
1212
3037
1180
6914
9860
5160
7677
6228
4897
7902
9638
3908
3860
9529
6246
9674
2571
1679
1724
9112
1388
2924
9783
7713
2430
8169
8969
9689
2122
6914
8672
2616
5418
8109
6387
6292
7272
9073
9870
5829
7413
7875
3564
3348
4393
404
9348
3633
6881
8586
1538
7216
671
4894
7290
65
3482
5737
833
9708
6389
5646
3965
114
35
2860
9733
119
2369
7969
7864
6191
9213
3883
7837
3492
4951
8424
6833
2615
4460
3141
1681
2288
6449
4146
6635
5148
2617
5075
9232
8752
2182
1514
5550
6717
6641
582
9395
8933
7867
9901
5707
4577
7837
1041
1138
1793
4384
7455
1242
9595
8810
9206
9140
6799
7102
5128
714
6009
3321
8342
897
4727
6586
2901
7136
7708
9363
4908
62
4201
1528
2113
1291
7216
2451
3274
2526
2491
2572
3263
2963
5427
9632
685
7897
1490
1388
3598
4809
8327
5689
9755
6751
3782
5079
4216
1316
3720
4542
3581
8490
2846
4208
6352
7183
2207
4711
4955
291
4442
1312
8686
7516
1531
5114
7454
6248
6718
698
854
9208
9297
9228
8985
2197
8496
5628
6622
4239
8389
6983
819
4458
4124
9057
3204
9360
1168
5926
4883
5203
5791
5511
8585
5160
9897
5016
7233
9104
7669
4889
5290
3269
5374
8117
3792
489
4330
1599
5612
8620
9338
18
7693
4168
2242
3064
6053
264
2110
4814
8054
9471
7212
967
5718
5844
9730
2862
738
6423
585
7160
1661
8212
8281
8943
3265
2577
5599
4343
5319
6866
6726
6230
3367
9870
2606
2866
4931
4093
1558
4545
8501
6655
2526
9752
3962
252
1191
5261
3773
8613
2689
1145
7147
2464
4539
840
3166
7708
941
2640
6358
930
7025
7216
2075
3667
7066
6659
5038
7459
2762
1128
5926
4701
1886
29
7488
8282
9689
5536
2341
9708
5645
8670
7345
4978
9848
8789
4928
4514
3017
7944
4941
6479
3806
1238
5183
1064
7565
7425
1321
9380
8736
2708
7670
1915
5578
1655
2234
953
7795
9599
5398
7476
1542
5329
7476
5750
3065
5738
4715
5589
2257
1661
962
6663
6248
8018
747
6702
7689
6105
4980
8269
511
7496
9214
599
4871
7227
844
3465
4927
3487
6648
5243
2258
339
7169
1921
2632
7523
1420
2311
7043
6753
2602
9920
4822
18
4806
5850
2148
5968
5126
9966
596
771
1780
6350
3953
9127
718
8727
9310
2408
6240
8566
7580
7735
2109
9595
8995
2944
6513
403
868
8349
2620
4799
1084
2466
1332
4520
5535
7525
3305
4216
9502
7572
7170
6753
699
2990
9112
2009
9965
3628
1164
9412
7010
8218
6962
9019
7788
5131
4140
9897
4619
1472
5380
7870
3120
342
1634
9617
4572
3745
295
5192
6882
833
4120
2645
4465
3925
8589
404
91
7686
1236
6734
5320
1699
3421
2696
9626
9614
775
9189
960
3795
8230
5744
7688
3696
784
7838
283
9692
4551
8643
9701
7436
5568
578
4778
2626
9237
7946
4789
5719
3887
6784
5745
1693
9134
8967
6891
4503
7039
8260
9005
6790
1748
4409
1469
5134
1966
167
2236
7143
4076
285
8173
2643
7278
6129
4095
1282
8357
5467
8156
8833
6959
7315
2199
8298
3659
434
5945
9912
577
1507
5858
9242
6954
3228
5369
7707
8444
8164
7004
6330
2349
7749
2376
4781
7994
4
5235
369
585
1535
4380
1660
9278
3043
3834
1075
1664
9596
2350
7176
3250
7575
5726
7401
4720
8383
8592
3483
9699
5909
9490
5393
2456
7600
5696
4140
6276
7580
4567
9877
5529
6847
6047
6440
3269
8498
3205
2183
5707
6539
6604
3544
347
8186
5850
6465
2453
9633
2021
3502
348
7366
39
6990
5940
806
2710
5788
3869
193
6969
6519
4901
8506
5926
9142
9474
589
640
7888
7136
2207
9695
5767
8888
5301
6262
357
4883
1245
3789
6554
4295
2899
5048
860
2387
6624
1446
4715
1266
6682
4404
5381
77
76
2065
9563
4579
9725
7186
7373
1557
8278
3058
3324
77
1518
7223
7161
5518
7276
7101
6370
4172
8982
5537
4634
2906
4030
1726
3864
5336
5463
7793
8455
3071
2594
1911
6444
4656
4285
9699
3612
6280
2886
5786
8178
1603
404
314
7674
7648
883
3209
1484
367
7629
7041
4075
9595
9135
1737
9206
5102
9701
4781
3591
9114
1995
2033
8614
6456
8693
3301
3858
868
4639
1821
8558
3607
254
7555
3088
2798
2242
6209
1340
8203
5451
7390
2135
8652
2054
4360
1320
2211
6153
1273
8140
1123
2476
2091
1879
5485
5058
2872
2698
8169
2623
4106
6508
4192
3231
7697
1284
6925
4770
4076
1592
1127
96
8205
4082
5987
8674
3983
4052
7372
8127
7110
9604
367
9749
8224
2894
8326
764
2106
2511
2169
9018
2473
7704
6713
5030
9477
5740
2944
3351
7234
6236
6292
8210
3991
7143
4888
1427
9854
5278
6551
8962
8706
9880
806
5326
8430
7243
4616
4678
4344
5054
8336
2559
2203
9229
361
1785
3791
9098
5383
1154
9851
2782
2910
7266
3856
2635
3806
7301
1217
9105
2455
8977
7972
6989
9651
9257
6619
3082
1935
9710
3306
5497
5363
7630
8108
2121
8351
1570
2597
1437
8245
7136
9705
5719
7270
8024
7072
1852
2789
5613
6805
9154
7711
5906
1937
5904
3901
1121
2322
8640
7121
7581
3527
3253
3297
8766
9346
3920
6524
1142
497
8800
8678
9795
2215
4880
8088
1985
4510
3953
2164
1538
1453
688
3786
18
1232
7689
8413
3239
9368
8627
1128
3680
5130
9522
3313
6720
4891
3125
825
208
6505
7147
3124
5280
8108
7353
8555
3716
6363
8485
4975
5660
9515
6616
7902
8390
7576
1800
3909
132
1377
9475
9177
4276
5666
9172
7576
9107
5822
5657
6816
4157
740
3602
7744
3926
4344
797
6537
6063
8668
955
2066
5934
3299
4536
789
1011
3128
774
4562
2432
8137
2605
8150
5526
7564
4930
1408
2769
6080
958
8689
2943
263
2683
8521
1292
2728
7766
3096
9199
3056
1171
5483
1946
8546
188
2062
1050
4601
5616
1578
506
6980
4583
7837
8280
1488
2045
4611
8183
6045
12
2239
9226
4582
428
7519
6241
1262
2952
9821
4575
4474
1056
6705
1933
2577
8987
6066
1180
6987
6118
1593
85
4780
7461
8767
539
941
1922
9385
1411
8626
9469
384
8960
4800
1249
2996
3372
1824
7605
3419
3399
2438
7091
9186
4051
4566
6014
8316
7177
894
3552
3510
8210
9520
2129
612
1730
5068
711
1512
2790
6385
2116
4884
1440
5135
4604
9274
1833
8503
9310
5520
6262
2898
2397
9830
1563
8136
3408
4179
7683
7732
4513
5825
1363
1710
2414
5849
9777
6981
6769
8914
7213
9519
9109
3814
6350
6469
3734
974
4506
8307
2247
2972
6581
9881
6505
6660
2147
8378
541
7070
374
7799
7712
6162
2673
534
6450
4918
8652
210
1379
4468
9143
6351
8293
9434
6939
6565
6281
6948
9557
3240
4196
2304
5086
6848
9713
872
6196
7242
3245
4183
91
8682
4523
8322
1405
7073
938
5616
3873
2580
6148
768
5351
2367
9104
7400
1865
7685
109
9321
7803
2003
9495
7546
8640
9323
1524
4468
9093
5507
9085
2994
3061
7726
232
8799
787
6769
1710
5833
567
5829
48
2101
448
791
1783
8476
8840
3169
7760
4104
6423
1595
705
2730
6904
6921
6982
3465
1345
2965
5207
4618
2649
5218
1400
5134
6791
4323
1407
5454
3342
6069
5139
5241
4839
6859
497
8565
752
5930
4440
5554
7938
641
2907
1222
6851
7902
1429
268
2048
8620
3286
746
840
2873
6607
5183
1304
5509
2843
6797
7814
487
8663
5364
3110
5202
2852
5545
9350
7752
1112
4247
910
2281
6081
7162
3543
8306
5168
5307
9431
5674
9796
5425
2007
8074
1763
377
8838
669
9926
4178
741
2905
3519
9194
8382
8971
9117
9479
2474
3763
942
8377
3975
9737
1955
4619
6484
2491
8453
4150
8410
3718
3969
1474
287
9166
2525
8457
1208
9934
2063
269
8166
9722
9256
6116
2812
2366
9361
8066
6879
8301
6989
987
9492
7214
5503
862
4804
5004
4913
6982
3015
5841
7534
3886
386
4423
3187
1479
7412
275
9670
2352
7851
7533
7008
3736
9482
310
3027
3413
7403
3599
3069
4234
7711
358
5302
8695
801
6282
9108
1076
6056
4436
6907
8472
3859
1407
4926
5930
2018
3921
8359
8545
3338
162
414
6658
8214
816
7932
1579
1445
1706
8007
6824
2144
5704
2727
1658
8103
331
3140
281
3319
6847
1602
4788
9733
4230
8874
6959
7808
271
7201
7361
7034
5111
3973
2881
6372
7152
2290
3263
6237
3360
3015
2299
4386
6225
973
2199
5490
1621
1825
8711
9667
6380
5221
4644
4682
9537
450
1137
2229
8997
2571
1013
4912
8220
6388
9155
5412
8040
3149
6701
8356
6783
2036
3716
2655
9112
3965
6476
2879
6679
8425
2689
5234
5367
7274
8870
3429
2354
1867
9431
7393
2408
4174
2464
4939
3583
2389
6501
1251
1219
17
1122
1056
9780
7813
9568
4513
4868
3719
6206
7622
851
4235
6417
3027
5819
6727
5261
7204
1432
5776
5162
5761
1525
5098
5067
8248
2730
8393
4909
3028
1135
7861
6029
493
9124
5648
5045
8372
4220
8461
3120
5639
4820
3058
3647
5571
8441
8122
5811
8886
4121
2952
4808
4468
5268
6490
9942
5255
5657
9624
539
1580
5249
4193
835
4577
6797
3867
7908
3950
9202
749
954
1024
1733
3090
8090
6554
6256
596
4474
6398
3642
5347
3090
2586
4869
8182
1618
5375
4909
3496
6948
9679
5156
5874
7340
1955
597
1070
439
4006
1311
9446
9973
4063
7335
3518
1847
1785
6826
9133
9972
9447
4525
6903
6259
8133
7923
2996
1807
4623
8208
8016
3724
2237
1451
1731
9543
7180
5917
5147
6561
3275
5143
3381
7843
808
993
8316
4142
2811
7314
2240
7485
4372
8304
385
5824
213
2567
5727
2969
2176
5350
4629
4685
4307
9488
8532
9714
4411
4955
8631
9502
6926
2178
5103
3061
3645
3232
1839
3751
58
9221
2920
6772
6740
5146
1935
8948
7936
7082
7865
1658
5820
9080
5943
8214
1671
2380
7951
2322
8853
2279
8002
2872
2269
4474
1364
5622
1385
2126
3920
2060
8049
200
7587
9526
2580
3855
8993
1575
8401
8777
2439
7508
3804
9760
5148
1449
7557
4225
5139
8678
5912
484
7224
9491
2018
5567
3599
1504
7631
3409
2220
9043
7193
5170
3860
1014
2685
4038
5480
3936
5381
8476
1792
9146
8809
9867
6625
3736
6449
8967
6895
9003
1992
4765
2963
6776
4915
6765
2213
2538
5805
5343
5790
7879
106
2209
9459
8645
9686
6460
5294
9851
8350
390
9950
6084
8684
4500
5339
6394
5405
7109
2648
9117
1366
9639
3253
2255
1018
2625
3166
269
1321
5404
2329
9465
1078
6571
6097
6357
2434
4524
9891
8490
7076
3155
7431
2251
4713
5012
6027
3475
5285
6153
6453
7378
8545
983
1795
8823
5690
3914
3736
5484
8345
5039
6056
8645
614
633
8920
4899
5171
6903
5056
6879
507
6931
8421
2992
9199
1039
6053
5247
6427
5775
8312
5773
2499
2935
481
3552
5795
1890
693
7830
4073
5149
1657
381
9649
8302
8374
7763
6248
2517
528
7570
3364
9044
8954
512
9135
8171
4732
88
605
8497
4355
9569
9780
4878
7337
3976
5668
2873
5062
6245
105
6443
8994
2557
9075
7160
3988
9105
885
7537
4679
1066
627
2970
7035
8573
4205
5137
1825
9101
3449
4363
4423
4969
5571
5425
3909
8011
1696
5126
899
9621
4101
4261
7705
8567
2440
5553
5212
3270
576
1657
8681
4229
916
9134
9849
7709
9779
5074
720
9449
9314
5358
8723
3195
4704
5431
3190
4892
4940
1270
2962
4929
5091
9457
9636
7942
6389
9017
7499
5371
3357
9388
1476
3313
9326
2838
3849
9194
4297
6685
3703
586
990
5753
8124
7752
6364
4176
6353
927
5445
6480
7809
3769
1158
2928
6951
1574
9656
4868
74
2276
7523
8611
2688
128
1200
9890
183
2419
8624
4969
3773
7773
9390
3628
1169
6338
2936
7743
182
2971
692
5443
7590
6609
422
479
9751
3333
7644
1302
6230
8314
5679
8396
2476
8638
1946
8701
7866
16
2347
9427
2969
5846
6411
1302
8075
6879
885
1931
4743
6814
4386
1875
4180
2098
4891
3910
1090
7368
5962
7355
372
8642
9168
9732
2785
943
2105
4308
7979
4902
7279
3770
9341
737
6963
9199
3367
2024
3629
8928
9164
6357
3231
8426
4239
4374
650
7050
8154
1661
6474
4087
4925
1073
8418
910
1779
168
3278
7566
223
1069
8107
3838
7888
8151
2618
9757
7401
1617
5345
967
354
8776
4606
337
158
2075
9735
7008
1185
2948
6063
115
9254
5466
4590
8577
9549
9359
2117
2948
7635
5277
5957
2379
239
7551
646
5338
9349
3818
5760
9643
4116
9586
7268
8230
2697
3457
7327
9809
6136
7860
5567
5392
5736
7380
184
8527
8457
2000
1659
6820
1146
1302
3376
5310
495
8549
2190
2226
8873
2072
2908
4178
3428
3900
1571
1874
6445
9226
9225
1666
570
240
3733
109
2219
130
9926
7827
9297
4925
3662
7306
3192
2212
5922
6634
7927
2374
5735
3574
4793
3099
1392
8707
2907
6058
3813
4116
9369
3209
7741
5413
7935
8339
962
242
3217
4279
8038
2293
1988
6850
3452
7554
322
1133
5227
7090
760
3144
5574
242
9861
4301
6971
6660
4382
3361
8440
4738
6033
3085
5451
4729
6313
1411
3470
58
2269
2799
9524
5409
9402
1328
1337
9845
7049
8941
3940
7811
8812
4111
2777
9528
7300
2856
2556
1475
7406
2022
4353
3963
7066
4515
6036
7940
3510
5199
7210
1565
9170
9051
286
3523
7571
6623
5271
9072
6072
7074
6992
2614
9633
4795
6066
2243
2410
4377
1369
1939
5043
6363
4589
6652
6231
6593
3804
3299
5090
4552
9763
120
9381
6330
288
2653
3314
6046
4008
3971
6165
9195
1451
1060
8007
7012
5939
4447
676
2605
6006
6068
3196
7576
4281
715
8132
176
99
1498
8115
5359
3530
3865
3302
8871
2216
6400
3846
580
1826
987
2108
4527
2864
8983
9368
6567
1376
5657
5932
6648
8051
1405
2269
5213
6376
4152
5877
2468
3041
2117
3985
8699
900
5677
998
711
5705
2449
4844
7684
1534
660
6279
350
5117
9523
7444
2040
2698
3219
8546
2869
65
9340
5352
2130
4922
5690
5527
3663
3405
1553
5139
9607
3011
4408
4826
4305
6053
5445
4486
8929
49
9947
1951
8619
7330
9809
4379
1150
7489
2049
3086
9730
4284
9928
9587
72
2763
3712
9044
8969
7850
6167
2611
5554
1459
4490
7264
6490
5050
1172
4310
5593
6331
8782
2248
2829
9325
3663
7748
201
4582
9364
4773
1322
6879
3116
7573
7629
3077
788
2898
6110
5245
5746
2339
9324
8416
3684
2339
8699
3687
2622
9874
2883
7729
243
60
630
7297
5802
5958
2650
6046
7526
8087
6655
484
2691
8389
7416
7820
425
7050
4130
7552
5593
5543
3422
3254
5388
4781
2985
6363
5153
5919
8902
2969
5917
5711
3114
3389
9334
3270
5439
4544
2262
2311
7912
2115
4699
1460
8139
100
9158
1830
7828
902
9453
9257
1293
9787
4066
4358
288
1974
1464
804
70
2046
5068
411
8863
1324
7860
5003
2640
9252
8744
2798
2870
6611
8200
6781
2563
4634
8132
7841
8916
8291
4331
3958
8163
1021
8590
1816
7628
742
6559
2297
8053
8069
5505
1524
4725
5996
7815
5522
7648
9499
9308
9039
9942
5903
1074
3070
2869
572
652
4740
8522
1731
8142
6688
9515
9542
8518
6500
5898
6174
2960
9768
8333
2315
176
5857
2955
4964
4219
5942
7285
5411
1084
4290
1487
3293
4171
3575
2191
8548
7898
7678
238
1882
720
128
2870
8717
4302
242
173
2750
7427
9525
4777
4110
514
359
3445
5586
3681
3279
9364
2770
5832
8352
6344
3711
7978
979
124
4493
1595
6821
7972
6432
6595
6846
264
7424
2836
8159
4513
4428
9358
6053
4431
1512
3789
5814
7435
5248
4017
2602
8859
3859
9692
2663
6180
9630
8292
7019
1200
3814
2768
2017
7403
7973
3364
5223
6351
3026
7598
4076
8761
9674
6559
2918
6501
8868
1155
1282
7265
7415
3134
9443
9619
4474
1856
4847
3076
6856
1805
4857
5147
6193
3322
4976
4673
342
8108
2331
1825
2525
7895
7545
6100
8326
9459
3208
4478
509
4685
5788
447
9882
8042
3075
5321
6033
9429
5576
5937
8118
4177
6238
4898
1359
4901
2973
4806
1831
9813
8006
4295
50
2591
3958
7164
8082
5688
716
6245
5961
4417
4824
7163
1278
7456
6112
2581
1610
1538
3434
6927
3967
3885
692
5884
2247
852
7958
1068
3440
982
1025
2628
3367
5298
8985
593
1502
3005
6130
530
5367
5782
4975
8534
327
3334
9988
1898
2483
5368
7613
2016
3437
6635
9369
9602
5116
3783
5232
5444
7165
4766
1241
8918
2639
4385
2626
8343
7228
4144
3486
1894
3828
5626
9969
544
5788
9293
4103
3508
3608
3187
1443
2624
7993
481
5190
837
3891
2071
6610
2456
3554
31
9467
5598
4863
7844
1923
4837
228
4545
1117
9856
1818
281
8758
1349
6694
4247
7242
3845
2495
1970
5870
5612
1266
2139
2467
1095
4860
2351
5632
1496
7480
3425
360
9598
6639
7750
9659
476
2595
4366
7264
6472
3528
2746
9196
4016
4389
5814
6458
4082
992
157
8952
7247
3932
6885
9419
1121
4299
6947
1642
2703
8195
5014
674
7650
8952
7813
5367
944
2294
9234
4962
6338
6776
6933
6691
7446
8946
293
319
274
1800
6083
6676
8614
4285
9571
2155
2574
8477
4457
45
4296
9796
4081
4910
2586
1140
5420
3817
8099
8542
9494
3754
8625
6173
3646
363
570
4039
6665
4262
1839
1783
2343
8387
2558
8067
7315
5167
411
4453
3554
344
1576
1680
2413
2710
3913
631
8005
5517
9425
7447
7657
2314
9412
5897
3375
6009
3875
1765
5717
4747
988
7147
2932
2191
9055
5805
323
2918
5366
581
1239
5945
8790
400
7480
6182
5362
7413
2855
656
3945
4100
1221
778
4853
8516
8321
472
7341
7275
6740
6682
254
7981
1717
7584
5780
7141
432
2647
9252
4736
7496
3965
2238
314
3728
3741
5071
6118
5545
6010
1438
8939
9934
4052
8017
4953
6580
6661
2165
3562
7045
1059
3189
4094
986
3974
1779
9770
8502
7108
4187
5905
7821
989
5302
6495
9171
1374
7929
4767
3105
3006
5071
921
2092
5487
2807
1481
4046
7283
2878
4995
7030
8088
9879
2174
6472
1036
5010
6389
6510
3772
819
184
6704
8268
6291
2063
8494
7056
9008
4075
4104
3205
7007
774
922
1145
9668
3094
8822
674
3913
5162
978
9908
8863
2263
5321
6024
9524
4018
8821
1572
5749
9765
3116
4726
2733
898
2700
8389
583
2360
5757
7589
1583
7737
2442
3090
5304
4213
246
773
2741
9244
7758
3221
74
8830
421
2432
8482
3938
8203
4748
6173
6959
5212
7660
861
8960
7092
3612
2200
1512
741
2395
441
2619
1681
671
4756
3472
540
3986
6757
6160
9607
1159
6086
1209
4589
2489
5434
5106
546
4981
5987
6275
9857
7038
4904
7190
3623
5087
4738
1309
1093
5835
2527
8528
5925
1505
4466
369
8207
8062
6574
281
8573
8162
5033
8658
7040
5526
1203
1981
8269
6425
5089
7654
1155
8333
4972
6642
9381
4241
5832
5164
145
7007
1767
5858
285
5674
4827
1471
6797
8558
6366
5538
6903
2718
648
4234
207
7148
5669
1706
3331
9856
804
5068
3575
330
817
6725
8430
2606
2123
1337
8421
3852
9954
15
4460
984
6415
2950
4137
3511
2089
8418
5341
6263
8318
243
574
751
6016
9127
9579
6084
4827
6789
5774
5329
1237
4672
1650
3633
3533
1554
1699
9560
7934
5197
6279
1635
4065
6218
4738
3186
9386
3602
5105
4763
2826
9627
7413
5145
4840
2301
9173
6151
3951
2312
491
9492
9046
8360
3532
3180
5401
6269
1944
1982
9853
7578
9987
5733
8675
3887
8391
3562
424
3935
9473
5917
7336
9765
7652
4794
6356
2532
4239
709
5798
1612
4938
8407
95
7725
8162
8296
4384
2760
6806
2254
3823
3515
2694
3327
534
1033
5059
4050
7369
2218
2849
7788
9206
2822
7815
661
2057
1107
2778
969
7946
8962
1330
5581
6623
4944
8154
9132
7158
9586
72
299
2457
1273
2836
3898
6872
4054
3419
7532
7558
3278
4280
3122
1700
7000
5851
5126
7044
9266
4151
2494
1536
7332
72
5040
7876
8384
8911
7803
1939
5263
6352
7603
968
6890
5925
8421
4464
1655
8638
7128
5852
8471
4627
1699
2868
9909
4436
44
711
3324
7309
7692
9976
2621
8098
6147
7572
3127
7663
428
8333
9410
5062
7695
4209
7255
648
6132
5274
1302
9875
1370
5363
9595
7184
7271
3338
5391
9537
935
5919
8631
5463
6511
8935
3435
1104
9910
5060
5452
2640
4130
9925
1385
1532
573
8405
8141
5218
4551
7337
6272
323
6251
6160
3247
6329
3910
4998
161
4533
8688
3832
8367
3034
8635
9480
5318
1488
2306
2755
2633
9345
5555
6504
7537
3696
2116
546
5601
2135
6341
6950
5655
7938
5612
9753
7840
4940
6177
9855
5233
1197
8613
9410
202
8298
7158
7902
1330
4359
2235
3563
186
4587
6088
5193
6729
615
2228
3289
8037
7083
3553
3455
3238
8156
6118
1902
8680
6472
1062
8149
9485
7067
9749
6457
3222
8606
3178
7517
3346
7775
6623
3508
1839
5918
5968
591
9173
8907
3184
1048
2676
4201
8449
2002
8455
3717
8407
6313
2902
1762
4331
1302
8581
5453
1562
4458
7586
5549
6018
3356
7349
5120
7844
4022
4288
1058
7287
508
1258
7179
6574
239
6815
1408
1578
4080
4753
9424
1564
7218
3313
4690
8921
6181
5923
3531
8272
4741
7013
3164
8831
4416
6565
7430
1848
6219
8928
2358
3298
3274
5653
169
2684
147
748
5736
462
6470
6628
6165
2430
2931
6359
3418
4034
3285
7723
420
1471
8478
2415
3964
8417
736
9182
4454
4703
8378
9839
6813
5126
3900
4874
8550
1489
8775
4494
3486
4058
8519
4636
6784
8189
5415
939
7067
1717
9982
3448
7030
3270
7246
2199
8309
7651
2267
5576
4183
3673
3834
5193
8071
1760
7163
6736
9444
8188
7577
5244
2120
4673
1316
3138
1266
9850
3888
2174
623
5249
2372
1208
2280
4410
9923
4768
9701
7359
11
6030
843
9548
8890
2823
2560
3534
4487
4665
6148
9126
8471
7065
9558
4208
1258
2697
6753
4426
3639
5847
2776
8564
5265
4933
8670
6055
3906
2442
7049
7522
6006
2922
1395
260
7907
7081
9886
6638
6056
4493
5879
6792
9062
9494
9017
4685
7804
4183
3626
3713
6371
1792
2952
6519
5823
1952
6698
4029
6721
528
9206
3864
3817
1515
8913
8983
2079
871
1680
5797
9390
1691
2313
9574
9485
2465
1704
9253
1340
2444
6702
5496
6518
1211
7719
8051
5839
6015
8381
7783
4123
7315
6809
489
8380
2819
4819
6927
2886
2207
9670
4149
1302
9865
5176
8632
4646
3571
8893
4309
8546
5927
9570
2472
4298
2
7531
6002
8913
1254
6008
7291
6980
9249
2789
4116
2788
9106
7138
7762
7214
7701
5531
4826
8210
9
5022
4063
8602
5131
8972
144
1880
3541
2214
9030
241
5262
7646
8707
2843
1678
2494
2056
5509
3749
3103
9667
7808
8433
7091
3842
3651
522
4430
4152
9731
4369
3482
7515
2346
9795
7798
6530
3380
7359
50
9971
3841
9822
7900
562
6085
28
3702
7746
2953
3265
1174
2598
8505
2829
1583
2534
5059
6145
6759
1458
7268
1522
2354
8432
8559
9050
2693
7839
7836
7435
5706
4464
7519
8681
7574
5660
5667
2579
600
7419
1208
1392
9248
4023
7852
829
6088
1826
1342
5889
6981
1622
7260
2008
1477
6237
2898
6071
1661
2115
1236
4694
8266
6487
7266
8764
3987
580
6534
9598
994
7857
8407
887
8526
5104
258
7642
8708
9508
6950
876
6682
1654
5325
1962
624
7829
555
9244
7672
3608
9225
6355
8452
115
8596
7383
7590
2135
9327
2696
2133
6722
3083
7831
4619
6362
7143
6788
7620
1596
1505
8083
9239
3411
4022
5545
8145
9200
8719
2213
3337
5615
5000
904
575
3750
2829
7926
1436
5767
458
9371
6886
5318
5459
8491
944
9447
8861
2087
9074
2779
9903
48
6786
561
4103
9383
9309
943
7986
4549
1643
896
9771
3075
8578
4239
7318
8615
4836
5935
301
2468
9874
1434
9759
9412
8317
9673
2146
88
1441
133
5792
4120
7219
6157
6913
9645
6680
9027
5082
4352
8738
3317
4439
8927
7636
4849
9353
6574
8875
3029
4435
3620
2679
8835
1519
3013
2245
1732
7359
7591
9795
4185
2758
9683
5323
3993
1231
4173
8189
1507
9361
1486
4070
6641
9290
8459
8985
5939
5538
1598
6245
468
7233
5886
2997
7372
8554
4372
7246
7372
8354
6395
4852
1283
3857
4092
5784
912
4822
8069
9462
5299
7894
1150
189
4368
9370
1242
5206
335
9750
9628
3927
6431
1229
8163
580
3504
8314
9900
4953
4971
9955
6973
4268
3775
5161
8172
5799
277
34
3762
4050
4211
9778
8188
5583
945
1109
9371
6483
7952
538
7444
5205
9461
8635
7605
1169
2561
4188
3734
7771
7239
5663
8963
3191
3148
2538
513
3958
9323
4668
2516
1967
7651
9405
8190
546
915
7948
1440
5143
9486
8742
5556
4741
2091
5038
6817
797
4498
9169
3276
4295
835
2147
5430
8595
2066
6338
1600
7931
6510
2969
8800
8589
1760
1541
8311
5964
7281
8639
9812
2513
7831
27
4192
9458
307
8497
8662
7932
2913
9118
3737
3733
5524
8579
8403
9264
6743
4496
7350
2214
1487
6744
762
5665
9951
1483
4725
1961
6739
355
3473
2085
3359
4508
6473
7693
8841
5996
1644
7347
2457
6346
1069
9125
2621
3996
2559
1807
8152
1264
8867
50
5304
1249
3488
9057
3358
6364
3479
6000
4899
2711
2756
3134
7782
5227
5341
7285
4127
2155
1152
4512
8694
9464
6575
4277
5778
7060
5978
1506
9328
320
193
9629
5515
7097
6314
5061
5455
1702
4683
8583
4294
9910
1497
7766
2628
6144
3601
747
8549
4382
7098
2406
7725
4397
3800
4850
3845
6724
7686
5471
2373
3815
9074
4073
6223
7550
828
2874
1632
2480
5616
4702
1564
7346
8526
4952
389
2276
1353
598
3724
4261
7291
5381
554
3000
8223
7716
3485
5606
5395
5653
6487
7083
5322
5773
3380
9009
1911
4563
1309
7682
9147
1534
5202
5576
3061
9265
5267
539
2106
6383
2993
7484
3234
5822
3114
9622
9123
7854
2376
7678
358
8673
4616
2506
1421
3182
8959
5002
1629
5344
8998
986
8915
8484
5596
4092
5542
7968
991
4689
8429
4388
9365
8376
1761
6432
9955
4581
9018
3654
4234
3483
5141
4298
1507
6613
9941
8288
6259
7456
3201
8097
3828
1371
8356
5386
1129
2619
4280
3952
646
5834
2466
6706
6514
1244
2793
3127
7005
1990
8761
2453
4163
1008
91
1001
3307
2976
3380
653
8645
7744
2363
6799
777
4274
4681
6738
6804
2972
5125
3841
6524
2734
6266
8008
5454
4438
7263
7485
8047
5177
9372
9010
3262
4668
3459
5344
4655
5471
5410
4864
4949
8252
236
7307
9785
510
6794
8569
671
8744
2025
1356
7974
5959
1942
2846
1169
5699
8637
8285
4015
3914
5151
1726
8934
161
7977
4674
3304
2142
9051
2931
1613
1670
9621
6496
7964
4070
1499
8100
1104
3033
7432
4723
7954
5348
5147
3973
2519
3913
7442
9380
9652
5254
5230
1805
2919
794
33
8406
4985
8877
185
8245
6348
4205
3551
2295
926
6816
254
5927
2109
46
2236
4297
4407
2721
3025
2918
4596
7087
1999
2921
1263
8802
5370
9650
6351
307
1097
8004
1266
1917
8965
2036
1238
5386
1699
9489
153
4298
381
8616
7077
5924
8306
200
8053
5695
9858
